# File generated by Elude; Retention index given below. 
# May 28 2014 , 14:36:21
A : 0.287828
C : -0.058058
D : 0.050614
E : 0.158644
F : 1.07043
G : -0.171698
H : -0.661107
I : 0.988109
K : -0.583699
L : 1.51246
M : 0.462365
N : -0.158925
P : -0.070328
Q : -0.11018
R : -0.255952
S : -0.059487
T : 0.076563
V : 0.717813
W : 0.689083
Y : 0.304419
